%% QAM-512
QAM512_Sym = [-1 : 2/23 : 1];

QAM1024_Sym = [-1 : 2/31 : 1];